0 FILE set.ldr
0 set
0 Name: set.ldr
0 Author: cherenkov
0 Unofficial Model
0 ROTATION CENTER 0 0 0 1 "Custom" 
0 ROTATION CONFIG 0 0
1 2 -30 0 100 0 0 -1 0 1 0 1 0 0 2359p02.dat
1 2 -180 -96 100 1 0 0 0 1 0 0 0 1 81379.dat
1 9 200 -12 110 0 0 -1 0 1 0 1 0 0 64648.dat
1 2 -130 0 330 0 0 -1 0 1 0 1 0 0 2536c01.dat
1 2 -300 0 -150 0 0 -1 0 1 0 1 0 0 2536c01.dat
1 2 270 0 -120 0 0 -1 0 1 0 1 0 0 6064.dat
1 2 240 0 -170 0 0 -1 0 1 0 1 0 0 6064.dat
1 2 170 0 -200 0 0 -1 0 1 0 1 0 0 6064.dat
1 4 280 0 -210 0 0 -1 0 1 0 1 0 0 3741c01.dat
1 7 -10 -32 380 0 0 -1 0 1 0 1 0 0 30293.dat
1 2 -320 0 390 0 0 -1 0 1 0 1 0 0 6064.dat
1 2 -310 0 280 0 0 -1 0 1 0 1 0 0 6064.dat
1 2 -310 0 140 0 0 -1 0 1 0 1 0 0 6064.dat
1 2 -310 0 70 0 0 -1 0 1 0 1 0 0 6064.dat
1 2 100 0 400 0 0 -1 0 1 0 1 0 0 6064.dat
1 2 180 0 390 0 0 -1 0 1 0 1 0 0 6064.dat
1 2 -290 0 -20 0 0 -1 0 1 0 1 0 0 6064.dat
1 9 -30.981 -12 -166.34 0.866025 0 -0.5 0 1 0 0.5 0 0.866025 64648.dat
0 MLCAD BTG dojo-master
1 14 -180 -96 100 0 0 -1 0 1 0 1 0 0 3626bpa9.dat
0 MLCAD BTG dojo-master
1 19 -180 -72 100 0 0 -1 0 1 0 1 0 0 973ps6.dat
0 MLCAD BTG dojo-master
1 6 -180 -40 100 0 0 -1 0 1 0 1 0 0 3815.dat
0 MLCAD BTG dojo-master
1 19 -180 -63 84.448 0 0.48481 -0.87462 0.17 0.8615 0.477537 0.985 -0.148685 -0.0824176 3818.dat
0 MLCAD BTG dojo-master
1 19 -180 -63 115.552 0 0 -1 -0.17 0.985 0 0.985 0.17 0 3819.dat
0 MLCAD BTG dojo-master
1 14 -161.877 -52.65 77.387 0 -0.275596 -0.961117 0.17 0.9467 -0.271462 0.985 -0.16339 0.0468513 3820.dat
0 MLCAD BTG dojo-master
1 14 -169.679 -45.404 123.863 0 -0.707 -0.707 -0.17 0.696395 -0.696395 0.985 0.12019 -0.12019 3820.dat
0 MLCAD BTG dojo-master
1 0 -153.227 -50.207 76.966 0 -0.499918 -0.865589 0.17 0.852605 -0.492419 0.985 -0.14715 0.0849861 2614.dat
0 MLCAD BTG dojo-master
1 6 -180 -28 100 0 0 -1 0 1 0 1 0 0 3816.dat
0 MLCAD BTG dojo-master
1 6 -180 -28 100 0 0 -1 0 1 0 1 0 0 3817.dat
0 GROUP 10 dojo-master
1 12 -140 -280 380 0 0 -1 0 1 0 1 0 0 30115.dat
0
0 FILE dojo-master.ldr
0 New Minifig Model
0 Name: dojo-master.ldr
0 Author: cherenkov
0 Unofficial Model
0 ROTATION CENTER 0 0 0 1 "Custom" 
0 ROTATION CONFIG 0 0
1 14 0 -24 0 1 0 0 0 1 0 0 0 1 3626bpa9.dat
1 19 0 0 0 1 0 0 0 1 0 0 0 1 973ps6.dat
1 6 0 32 0 1 0 0 0 1 0 0 0 1 3815.dat
1 19 -15.552 9 0 0.985 -0.148685 -0.0824176 0.17 0.8615 0.477537 0 -0.48481 0.87462 3818.dat
1 19 15.552 9 0 0.985 0.17 0 -0.17 0.985 0 0 0 1 3819.dat
1 14 -22.6129 19.3499 -18.1225 0.985 -0.16339 0.0468513 0.17 0.9467 -0.271462 0 0.275596 0.961117 3820.dat
1 14 23.8634 26.5956 -10.321 0.985 0.12019 -0.12019 -0.17 0.696395 -0.696395 0 0.707 0.707 3820.dat
1 0 -23.0345 21.7931 -26.7725 0.985 -0.14715 0.0849861 0.17 0.852605 -0.492419 0 0.499918 0.865589 2614.dat
1 6 0 44 0 1 0 0 0 1 0 0 0 1 3816.dat
1 6 0 44 0 1 0 0 0 1 0 0 0 1 3817.dat
0 
0
0
